2019-06-13 00:07:58.986916=>Adding dict_keys(['testInbuilt']) Job
2019-06-13 00:10:11.816348=>Adding dict_keys(['testInbuilt|test']) step under job testInbuilt
2019-06-13 00:10:34.852381=>Adding dict_keys(['testInbuilt|test']) step under job testInbuilt
2019-06-13 00:24:37.776434=>Adding dict_keys(['testInbuilt|test']) step under job testInbuilt
2019-06-13 00:30:51.001398=>SSH Connecting.....
2019-06-13 00:30:56.253525=>SSH Connecting.....
2019-06-13 00:31:00.902940=>SSH Connecting.....
2019-06-13 08:37:11.922341=>SSH Connecting.....
2019-06-13 08:37:24.232523=>SSH Connecting.....
2019-06-13 08:37:28.497398=>Update made on  dict_keys(['Hukamnama']) Job
2019-06-13 08:37:40.767456=>Looping in another cycle....
2019-06-13 08:37:40.780013=>Job Queue Prepared....
2019-06-13 08:37:40.780490=>Hukamnama Job Execution has been started!!
2019-06-13 08:37:42.356670=>Execute Step Hukamnama|Download under JOB Hukamnama With connection Willdo
2019-06-13 08:37:48.225815=>Execute Step Hukamnama|HukamNama_email under JOB Hukamnama With connection Willdo
2019-06-13 08:37:48.229463=>Job Hukamnama last Run Updated!!
2019-06-13 08:38:40.838090=>Looping in another cycle....
2019-06-13 08:38:40.840192=>Job Queue Prepared....
2019-06-13 08:39:22.946702=>Looping in another cycle....
2019-06-13 08:39:22.956390=>Job Queue Prepared....
2019-06-13 08:39:25.351462=>SSH Connecting.....
2019-06-13 08:39:35.916291=>SSH Connecting.....
2019-06-13 08:39:58.538451=>Update made on  dict_keys(['Hukamnama']) Job
2019-06-13 08:40:09.112638=>Looping in another cycle....
2019-06-13 08:40:09.133941=>Job Queue Prepared....
2019-06-13 08:40:09.135766=>Hukamnama Job Execution has been started!!
2019-06-13 08:40:11.012929=>Execute Step Hukamnama|Download under JOB Hukamnama With connection Willdo
2019-06-13 08:40:16.594323=>Execute Step Hukamnama|HukamNama_email under JOB Hukamnama With connection Willdo
2019-06-13 08:40:16.600508=>Job Hukamnama last Run Updated!!
2019-06-13 08:41:09.184884=>Looping in another cycle....
2019-06-13 08:41:09.190103=>Job Queue Prepared....
2019-06-13 08:41:32.667032=>SSH Connecting.....
2019-06-13 08:41:43.441462=>SSH Connecting.....
2019-06-13 08:41:56.060012=>Update made on  dict_keys(['Epic']) Job
2019-06-13 08:42:07.195032=>Looping in another cycle....
2019-06-13 08:42:07.204560=>Job Queue Prepared....
2019-06-13 08:42:07.205576=>Epic Job Execution has been started!!
2019-06-13 08:42:14.060231=>Attachment block[Errno 2] No such file or directory: ''
2019-06-13 08:42:18.008831=>Looping in another cycle....
2019-06-13 08:42:18.032910=>Job Queue Prepared....
2019-06-13 08:42:18.035452=>Epic Job Execution has been started!!
2019-06-13 08:42:23.786193=>SSH Connecting.....
2019-06-13 08:42:35.240865=>SSH Connecting.....
2019-06-13 08:42:37.038014=>Update made on  dict_keys(['Epic']) Job
2019-06-13 08:42:43.877524=>Looping in another cycle....
2019-06-13 08:42:43.887535=>Job Queue Prepared....
2019-06-13 08:42:43.888010=>Epic Job Execution has been started!!
2019-06-13 08:42:47.884502=>Attachment block[Errno 2] No such file or directory: ''
2019-06-13 08:42:52.556084=>Execute Step Epic|emailTest under JOB Epic With connection mssql
2019-06-13 08:42:52.560282=>Job Epic last Run Updated!!
2019-06-13 08:43:43.924591=>Looping in another cycle....
2019-06-13 08:43:43.929183=>Job Queue Prepared....
2019-06-13 08:44:43.967240=>Looping in another cycle....
2019-06-13 08:44:43.972089=>Job Queue Prepared....
2019-06-13 08:45:43.991672=>Looping in another cycle....
2019-06-13 08:45:43.997206=>Job Queue Prepared....
2019-06-13 08:46:44.054482=>Looping in another cycle....
2019-06-13 08:46:44.057247=>Job Queue Prepared....
2019-06-13 08:47:44.113029=>Looping in another cycle....
2019-06-13 08:47:44.120495=>Job Queue Prepared....
2019-06-13 08:48:44.178397=>Looping in another cycle....
2019-06-13 08:48:44.183463=>Job Queue Prepared....
2019-06-13 08:49:44.243546=>Looping in another cycle....
2019-06-13 08:49:44.249899=>Job Queue Prepared....
2019-06-13 08:50:44.311438=>Looping in another cycle....
2019-06-13 08:50:44.316283=>Job Queue Prepared....
2019-06-13 08:51:44.374363=>Looping in another cycle....
2019-06-13 08:51:44.378894=>Job Queue Prepared....
2019-06-13 08:52:44.418358=>Looping in another cycle....
2019-06-13 08:52:44.424717=>Job Queue Prepared....
2019-06-13 08:52:44.426843=>Epic Job Execution has been started!!
2019-06-13 08:52:50.349784=>Attachment block[Errno 2] No such file or directory: ''
2019-06-13 08:52:55.370883=>Execute Step Epic|emailTest under JOB Epic With connection mssql
2019-06-13 08:52:55.375102=>Job Epic last Run Updated!!
2019-06-13 08:53:44.468378=>Looping in another cycle....
2019-06-13 08:53:44.472955=>Job Queue Prepared....
2019-06-13 08:54:44.478935=>Looping in another cycle....
2019-06-13 08:54:44.483674=>Job Queue Prepared....
2019-06-13 08:55:44.508589=>Looping in another cycle....
2019-06-13 08:55:44.513679=>Job Queue Prepared....
2019-06-13 08:57:55.007947=>SSH Connecting.....
2019-06-13 08:58:05.877305=>SSH Connecting.....
2019-06-13 08:58:07.862374=>Update made on  dict_keys(['Hukamnama']) Job
2019-06-13 08:58:14.158060=>Looping in another cycle....
2019-06-13 08:58:14.169823=>Job Queue Prepared....
2019-06-13 08:58:14.171742=>Hukamnama Job Execution has been started!!
2019-06-13 08:58:15.875257=>Execute Step Hukamnama|Download under JOB Hukamnama With connection Willdo
2019-06-13 08:58:22.387598=>Execute Step Hukamnama|HukamNama_email under JOB Hukamnama With connection Willdo
2019-06-13 08:58:22.391461=>Job Hukamnama last Run Updated!!
2019-06-13 08:59:14.189762=>Looping in another cycle....
2019-06-13 08:59:14.194140=>Job Queue Prepared....
2019-06-13 08:59:26.996548=>SSH Connecting.....
2019-06-13 08:59:34.037277=>Update made on  dict_keys(['Hukamnama']) Job
2019-06-13 08:59:36.417924=>SSH Connecting.....
2019-06-13 08:59:40.404432=>Looping in another cycle....
2019-06-13 08:59:40.416854=>Job Queue Prepared....
2019-06-13 08:59:40.418080=>Hukamnama Job Execution has been started!!
2019-06-13 08:59:42.121763=>Execute Step Hukamnama|Download under JOB Hukamnama With connection Willdo
2019-06-13 08:59:48.343595=>Execute Step Hukamnama|HukamNama_email under JOB Hukamnama With connection Willdo
2019-06-13 08:59:48.347564=>Job Hukamnama last Run Updated!!
2019-06-13 09:00:40.426248=>Looping in another cycle....
2019-06-13 09:00:40.430927=>Job Queue Prepared....
2019-06-13 09:01:40.480006=>Looping in another cycle....
2019-06-13 09:01:40.484973=>Job Queue Prepared....
2019-06-13 09:03:10.706763=>SSH Connecting.....
2019-06-13 09:03:19.322990=>SSH Connecting.....
2019-06-13 09:03:20.089940=>SSH Connecting.....
2019-06-13 09:03:21.145368=>SSH Connecting.....
2019-06-13 09:03:41.460248=>Update made on  dict_keys(['Hukamnama']) Job
2019-06-13 09:03:48.578319=>SSH Connecting.....
2019-06-13 09:03:55.122291=>willdo/scheduler_guide is created
2019-06-13 09:03:55.122848=>Willdo_v3
2019-06-13 09:03:55.123427=>Willdo_v3
2019-06-13 09:03:55.123730=>Willdo_v3
2019-06-13 09:03:55.124005=>Willdo_v3
2019-06-13 09:03:55.124271=>Willdo_v3
2019-06-13 09:03:55.124700=>Willdo_v3
2019-06-13 09:03:55.125107=>Willdo_v3
2019-06-13 09:03:55.125377=>Willdo_v3
2019-06-13 09:03:55.125640=>Willdo_v3
2019-06-13 09:03:55.125891=>Willdo_v3
2019-06-13 09:03:55.126601=>Willdo_v3
2019-06-13 09:03:55.127006=>Willdo_v3
2019-06-13 09:03:55.127280=>Willdo_v3
2019-06-13 09:03:55.127538=>Willdo_v3
2019-06-13 09:03:55.127798=>Willdo_v3
2019-06-13 09:03:55.128060=>Willdo_v3
2019-06-13 09:03:55.128318=>Willdo_v3
2019-06-13 09:03:55.128622=>Willdo_v3
2019-06-13 09:03:55.129328=>Willdo_v3
2019-06-13 09:03:55.129660=>Willdo_v3
2019-06-13 09:03:55.130180=>Connections
2019-06-13 09:03:55.130696=>__pycache__
2019-06-13 09:03:55.130998=>__pycache__
2019-06-13 09:03:55.131824=>History
2019-06-13 09:03:55.132139=>History
2019-06-13 09:03:55.132559=>History
2019-06-13 09:03:55.132809=>History
2019-06-13 09:03:55.133060=>History
2019-06-13 09:03:55.133326=>History
2019-06-13 09:03:55.133586=>History
2019-06-13 09:03:55.133840=>History
2019-06-13 09:03:55.134150=>History
2019-06-13 09:03:55.134436=>History
2019-06-13 09:03:55.134714=>History
2019-06-13 09:03:55.134992=>History
2019-06-13 09:03:55.135271=>History
2019-06-13 09:03:55.135586=>History
2019-06-13 09:03:55.135868=>History
2019-06-13 09:03:55.136142=>History
2019-06-13 09:03:55.136416=>History
2019-06-13 09:03:55.136690=>History
2019-06-13 09:03:55.136964=>History
2019-06-13 09:03:55.137232=>History
2019-06-13 09:03:55.137501=>History
2019-06-13 09:03:55.137774=>History
2019-06-13 09:03:55.138115=>History
2019-06-13 09:03:55.138404=>History
2019-06-13 09:03:55.138675=>History
2019-06-13 09:03:55.138932=>History
2019-06-13 09:03:55.139188=>History
2019-06-13 09:03:55.139448=>History
2019-06-13 09:03:55.139721=>History
2019-06-13 09:03:55.139964=>History
2019-06-13 09:03:55.140193=>History
2019-06-13 09:03:55.140444=>History
2019-06-13 09:03:55.141010=>History
2019-06-13 09:03:55.141266=>History
2019-06-13 09:03:55.141414=>History
2019-06-13 09:03:55.141856=>App
2019-06-13 09:03:55.142402=>css
2019-06-13 09:03:55.142684=>css
2019-06-13 09:03:55.142981=>css
2019-06-13 09:03:55.143961=>js
2019-06-13 09:03:55.144287=>js
2019-06-13 09:03:55.144530=>js
2019-06-13 09:03:55.144775=>js
2019-06-13 09:03:55.145567=>templates
2019-06-13 09:03:55.146228=>scheduler_guide
2019-06-13 09:03:56.784109=>willdo/scheduler_guide/L_ParamOptions.json is created
2019-06-13 09:03:56.784544=>scheduler_guide
2019-06-13 09:03:58.162711=>willdo/scheduler_guide/Jobs.json is created
2019-06-13 09:03:58.163128=>scheduler_guide
2019-06-13 09:03:59.138165=>willdo/scheduler_guide/Connections.json is created
2019-06-13 09:03:59.138579=>scheduler_guide
2019-06-13 09:04:00.141928=>willdo/scheduler_guide/1.json is created
2019-06-13 09:04:00.142416=>scheduler_guide
2019-06-13 09:04:01.685975=>willdo/scheduler_guide/on.txt is created
2019-06-13 09:04:01.686441=>scheduler_guide
2019-06-13 09:04:02.881408=>willdo/scheduler_guide/Email.json is created
2019-06-13 09:04:02.881821=>scheduler_guide
2019-06-13 09:04:04.339327=>willdo/scheduler_guide/Job_Queue.json is created
2019-06-13 09:04:04.339735=>scheduler_guide
2019-06-13 09:04:05.363540=>willdo/scheduler_guide/guide.txt is created
2019-06-13 09:04:05.363957=>scheduler_guide
2019-06-13 09:04:06.798368=>willdo/scheduler_guide/L_Driver.json is created
2019-06-13 09:04:06.798777=>scheduler_guide
2019-06-13 09:04:08.056437=>willdo/scheduler_guide/Job_LastRun.json is created
2019-06-13 09:04:08.056847=>scheduler_guide
2019-06-13 09:04:09.459971=>willdo/scheduler_guide/Sync.json is created
2019-06-13 09:04:09.460379=>scheduler_guide
2019-06-13 09:04:10.795092=>willdo/scheduler_guide/no.txt is created
2019-06-13 09:04:10.795504=>scheduler_guide
2019-06-13 09:04:11.556443=>willdo/scheduler_guide/Parameters.json is created
2019-06-13 09:04:11.556859=>scheduler_guide
2019-06-13 09:04:12.665054=>willdo/scheduler_guide/L_Interval.json is created
2019-06-13 09:04:12.665470=>scheduler_guide
2019-06-13 09:04:14.073476=>willdo/scheduler_guide/no.json is created
2019-06-13 09:04:14.073886=>scheduler_guide
2019-06-13 09:04:14.990286=>willdo/scheduler_guide/Steps.json is created
2019-06-13 09:04:14.991011=>include
2019-06-13 09:04:14.991640=>__pycache__
2019-06-13 09:04:14.992024=>__pycache__
2019-06-13 09:04:14.992745=>.git
2019-06-13 09:04:14.993153=>.git
2019-06-13 09:04:14.993501=>.git
2019-06-13 09:04:14.993835=>.git
2019-06-13 09:04:14.994237=>.git
2019-06-13 09:04:14.994568=>.git
2019-06-13 09:04:14.994897=>.git
2019-06-13 09:04:14.995476=>refs
2019-06-13 09:04:14.995653=>heads
2019-06-13 09:04:14.996063=>info
2019-06-13 09:04:14.996384=>logs
2019-06-13 09:04:14.996709=>refs
2019-06-13 09:04:14.997033=>heads
2019-06-13 09:04:14.997385=>hooks
2019-06-13 09:04:14.997502=>hooks
2019-06-13 09:04:14.997586=>hooks
2019-06-13 09:04:14.997667=>hooks
2019-06-13 09:04:14.997748=>hooks
2019-06-13 09:04:14.997827=>hooks
2019-06-13 09:04:14.997907=>hooks
2019-06-13 09:04:14.997983=>hooks
2019-06-13 09:04:14.998073=>hooks
2019-06-13 09:04:14.998154=>hooks
2019-06-13 09:04:14.998733=>ef
2019-06-13 09:04:14.999031=>e4
2019-06-13 09:04:14.999381=>d6
2019-06-13 09:04:14.999697=>e6
2019-06-13 09:04:14.999994=>23
2019-06-13 09:04:15.000097=>23
2019-06-13 09:04:15.002092=>94
2019-06-13 09:04:15.002295=>1b
2019-06-13 09:04:15.002385=>1b
2019-06-13 09:04:15.002461=>1b
2019-06-13 09:04:15.002823=>f9
2019-06-13 09:04:15.003126=>ed
2019-06-13 09:04:15.003215=>ed
2019-06-13 09:04:15.003556=>50
2019-06-13 09:04:15.003860=>75
2019-06-13 09:04:15.004179=>bc
2019-06-13 09:04:15.004696=>14
2019-06-13 09:04:15.005093=>2b
2019-06-13 09:04:15.005469=>e5
2019-06-13 09:04:15.005880=>d3
2019-06-13 09:04:15.006960=>55
2019-06-13 09:04:15.007367=>60
2019-06-13 09:04:15.007489=>60
2019-06-13 09:04:15.007820=>13
2019-06-13 09:04:15.008107=>9d
2019-06-13 09:04:15.008409=>f3
2019-06-13 09:04:15.008701=>d8
2019-06-13 09:04:15.009017=>9c
2019-06-13 09:04:15.009311=>61
2019-06-13 09:04:15.009560=>c6
2019-06-13 09:04:15.009775=>64
2019-06-13 09:04:15.010011=>0f
2019-06-13 09:04:15.010079=>0f
2019-06-13 09:04:15.010283=>90
2019-06-13 09:04:15.010362=>a6
2019-06-13 09:04:15.010406=>a6
2019-06-13 09:04:15.010637=>da
2019-06-13 09:04:15.010890=>69
2019-06-13 09:04:15.011138=>bf
2019-06-13 09:04:15.011389=>f0
2019-06-13 09:04:15.011638=>4a
2019-06-13 09:04:15.011871=>ae
2019-06-13 09:04:15.012124=>4b
2019-06-13 09:04:15.012363=>82
2019-06-13 09:04:15.012588=>8e
2019-06-13 09:04:15.012641=>8e
2019-06-13 09:04:15.012848=>9a
2019-06-13 09:04:15.013073=>e8
2019-06-13 09:04:15.013309=>54
2019-06-13 09:04:15.013553=>b4
2019-06-13 09:04:15.013790=>66
2019-06-13 09:04:15.013852=>66
2019-06-13 09:04:15.014267=>49
2019-06-13 09:04:15.014535=>6b
2019-06-13 09:04:15.014784=>3d
2019-06-13 09:04:15.014853=>3d
2019-06-13 09:04:15.015076=>57
2019-06-13 09:04:15.015370=>52
2019-06-13 09:04:15.015470=>pack
2019-06-13 09:04:15.015519=>pack
2019-06-13 09:04:15.015729=>25
2019-06-13 09:04:15.015791=>25
2019-06-13 09:04:15.016028=>c2
2019-06-13 09:04:15.016290=>42
2019-06-13 09:04:15.016532=>e7
2019-06-13 09:04:15.016611=>cf
2019-06-13 09:04:15.016840=>fa
2019-06-13 09:04:15.017107=>5b
2019-06-13 09:04:15.017323=>97
2019-06-13 09:04:15.017558=>26
2019-06-13 09:04:15.017812=>5c
2019-06-13 09:04:15.017887=>5c
2019-06-13 09:04:15.018165=>b5
2019-06-13 09:04:15.018451=>de
2019-06-13 09:04:15.018744=>7d
2019-06-13 09:04:15.019060=>40
2019-06-13 09:04:15.019374=>4d
2019-06-13 09:04:15.019505=>83
2019-06-13 09:04:15.019583=>83
2019-06-13 09:04:15.019886=>63
2019-06-13 09:04:15.020200=>af
2019-06-13 09:04:15.020465=>93
2019-06-13 09:04:15.020748=>b0
2019-06-13 09:04:15.021073=>17
2019-06-13 09:04:15.021385=>a7
2019-06-13 09:04:15.021492=>a7
2019-06-13 09:04:15.021809=>88
2019-06-13 09:04:15.022104=>bd
2019-06-13 09:04:15.022399=>3a
2019-06-13 09:04:15.022710=>77
2019-06-13 09:04:15.023044=>a5
2019-06-13 09:04:15.023356=>8a
2019-06-13 09:04:15.023641=>46
2019-06-13 09:04:15.023975=>bb
2019-06-13 09:04:15.024268=>e2
2019-06-13 09:04:15.024602=>79
2019-06-13 09:04:15.024779=>__pycache__
2019-06-13 09:04:15.024863=>__pycache__
2019-06-13 09:04:15.024937=>__pycache__
2019-06-13 09:04:15.025008=>__pycache__
2019-06-13 09:04:15.025077=>__pycache__
2019-06-13 09:04:15.025148=>__pycache__
2019-06-13 09:04:15.025216=>__pycache__
2019-06-13 09:04:15.025283=>__pycache__
2019-06-13 09:04:15.025351=>__pycache__
2019-06-13 09:04:15.025418=>__pycache__
2019-06-13 09:04:15.025485=>__pycache__
2019-06-13 09:04:15.025553=>__pycache__
2019-06-13 09:04:15.025618=>__pycache__
2019-06-13 09:04:15.025687=>__pycache__
2019-06-13 09:04:15.025755=>__pycache__
2019-06-13 09:04:15.025822=>__pycache__
2019-06-13 09:04:15.025887=>__pycache__
2019-06-13 09:04:15.025953=>__pycache__
2019-06-13 09:04:15.026030=>__pycache__
2019-06-13 09:04:15.026100=>__pycache__
2019-06-13 09:04:15.026179=>__pycache__
2019-06-13 09:04:15.026248=>__pycache__
2019-06-13 09:04:15.026316=>__pycache__
2019-06-13 09:04:15.026440=>Log
2019-06-13 09:04:15.026594=>FileStorage
2019-06-13 09:04:15.026670=>FileStorage
2019-06-13 09:04:15.026742=>FileStorage
2019-06-13 09:04:15.026811=>FileStorage
2019-06-13 09:04:15.026880=>FileStorage
2019-06-13 09:04:15.026949=>FileStorage
2019-06-13 09:04:15.027018=>FileStorage
2019-06-13 09:04:15.027084=>FileStorage
2019-06-13 09:04:15.027152=>FileStorage
2019-06-13 09:04:15.027221=>FileStorage
2019-06-13 09:04:15.027296=>FileStorage
2019-06-13 09:04:15.027366=>FileStorage
2019-06-13 09:04:15.027433=>FileStorage
2019-06-13 09:04:20.218128=>SSH Connecting.....
2019-06-13 09:04:26.736036=>SSH Connecting.....
2019-06-13 09:05:37.749833=>SSH Connecting.....
2019-06-13 15:35:10.022666=>Adding dict_keys(['Epic|Epic|emailTest']) step under job Epic
2019-06-13 15:35:40.308666=>Adding dict_keys(['Epic|Epic|emailTest']) step under job Epic
2019-06-13 15:36:43.258666=>Adding dict_keys(['Epic|Epic|emailTest']) step under job Epic
2019-06-13 15:39:21.058666=>Adding dict_keys(['Epic|Epic|emailTest']) step under job Epic
2019-06-13 15:40:37.531666=>Adding dict_keys(['Epic|Epic|emailTest']) step under job Epic
2019-06-13 15:40:43.864666=>Adding dict_keys(['Epic|Epic|emailTest']) step under job Epic
2019-06-13 15:43:00.264666=>Adding dict_keys(['Epic|Epic|emailTest']) step under job Epic
2019-06-13 15:43:17.285666=>Adding dict_keys(['Epic|Epic|emailTest']) step under job Epic
2019-06-13 15:43:54.256666=>Adding dict_keys(['Epic|Epic|emailTest']) step under job Epic
2019-06-13 15:45:59.909666=>Adding dict_keys(['Epic|Epic|emailTest']) step under job Epic
2019-06-13 15:46:48.407666=>Adding dict_keys(['Epic|Epic|Epic|emailTest']) step under job Epic
2019-06-13 15:47:13.418666=>Adding dict_keys(['Hukamnama|Hukamnama|Download']) step under job Hukamnama
2019-06-13 15:49:49.946666=>Adding dict_keys(['Epic|emailTest']) step under job Epic
2019-06-13 16:20:32.369045=>SSH Connecting.....
2019-06-13 16:20:40.232254=>Error_Sync_getFileFromRemote_CmdError@[Errno 2] No such file
2019-06-13 16:20:42.546258=>SSH Connecting.....
2019-06-13 16:20:45.245763=>Error_C_Json_evaluation_readJsonExpecting value: line 1 column 1 (char 0)
2019-06-13 16:20:50.196190=>willdo/scheduler_guide is created
2019-06-13 16:20:50.200195=>Willdo_v3
2019-06-13 16:20:50.205202=>Willdo_v3
2019-06-13 16:20:50.210208=>Willdo_v3
2019-06-13 16:20:50.214214=>Willdo_v3
2019-06-13 16:20:50.219220=>Willdo_v3
2019-06-13 16:20:50.223225=>Willdo_v3
2019-06-13 16:20:50.229233=>Willdo_v3
2019-06-13 16:20:50.233238=>Willdo_v3
2019-06-13 16:20:50.237243=>Willdo_v3
2019-06-13 16:20:50.240247=>Willdo_v3
2019-06-13 16:20:50.246255=>Willdo_v3
2019-06-13 16:20:50.249259=>Willdo_v3
2019-06-13 16:20:50.252263=>Willdo_v3
2019-06-13 16:20:50.256268=>Willdo_v3
2019-06-13 16:20:50.260273=>Willdo_v3
2019-06-13 16:20:50.263277=>Willdo_v3
2019-06-13 16:20:50.266281=>Willdo_v3
2019-06-13 16:20:50.269285=>Willdo_v3
2019-06-13 16:20:50.272289=>Willdo_v3
2019-06-13 16:20:50.275293=>Willdo_v3
2019-06-13 16:20:50.283303=>.git
2019-06-13 16:20:50.288310=>.git
2019-06-13 16:20:50.294318=>.git
2019-06-13 16:20:50.297321=>.git
2019-06-13 16:20:50.301327=>.git
2019-06-13 16:20:50.304331=>.git
2019-06-13 16:20:50.312341=>hooks
2019-06-13 16:20:50.316346=>hooks
2019-06-13 16:20:50.320351=>hooks
2019-06-13 16:20:50.325358=>hooks
2019-06-13 16:20:50.329363=>hooks
2019-06-13 16:20:50.332367=>hooks
2019-06-13 16:20:50.338375=>hooks
2019-06-13 16:20:50.342380=>hooks
2019-06-13 16:20:50.346385=>hooks
2019-06-13 16:20:50.352393=>hooks
2019-06-13 16:20:50.359402=>hooks
2019-06-13 16:20:50.366411=>info
2019-06-13 16:20:50.373420=>logs
2019-06-13 16:20:50.381431=>heads
2019-06-13 16:20:50.388440=>04
2019-06-13 16:20:50.393446=>07
2019-06-13 16:20:50.399454=>0a
2019-06-13 16:20:50.404461=>0e
2019-06-13 16:20:50.409467=>0f
2019-06-13 16:20:50.413472=>0f
2019-06-13 16:20:50.418479=>12
2019-06-13 16:20:50.423485=>13
2019-06-13 16:20:50.430494=>14
2019-06-13 16:20:50.435501=>17
2019-06-13 16:20:50.442510=>18
2019-06-13 16:20:50.447516=>19
2019-06-13 16:20:50.451522=>1a
2019-06-13 16:20:50.458531=>1b
2019-06-13 16:20:50.461535=>1b
2019-06-13 16:20:50.465540=>1b
2019-06-13 16:20:50.469545=>20
2019-06-13 16:20:50.475553=>22
2019-06-13 16:20:50.480559=>23
2019-06-13 16:20:50.483563=>23
2019-06-13 16:20:50.488570=>25
2019-06-13 16:20:50.491574=>25
2019-06-13 16:20:50.496580=>2a
2019-06-13 16:20:50.501587=>2b
2019-06-13 16:20:50.506593=>2e
2019-06-13 16:20:50.511600=>33
2019-06-13 16:20:50.515605=>37
2019-06-13 16:20:50.520611=>3a
2019-06-13 16:20:50.525618=>3d
2019-06-13 16:20:50.528622=>3d
2019-06-13 16:20:50.533628=>40
2019-06-13 16:20:50.539636=>42
2019-06-13 16:20:50.542640=>42
2019-06-13 16:20:50.548648=>46
2019-06-13 16:20:50.553654=>47
2019-06-13 16:20:50.558661=>49
2019-06-13 16:20:50.563667=>4a
2019-06-13 16:20:50.569675=>4d
2019-06-13 16:20:50.574682=>50
2019-06-13 16:20:50.581691=>51
2019-06-13 16:20:50.586697=>52
2019-06-13 16:20:50.590702=>52
2019-06-13 16:20:50.596710=>54
2019-06-13 16:20:50.602718=>55
2019-06-13 16:20:50.606723=>55
2019-06-13 16:20:50.611730=>57
2019-06-13 16:20:50.617737=>58
2019-06-13 16:20:50.627750=>5b
2019-06-13 16:20:50.634760=>5c
2019-06-13 16:20:50.638765=>5c
2019-06-13 16:20:50.645774=>5d
2019-06-13 16:20:50.653784=>60
2019-06-13 16:20:50.657789=>60
2019-06-13 16:20:50.662796=>61
2019-06-13 16:20:50.669805=>63
2019-06-13 16:20:50.675813=>64
2019-06-13 16:20:50.681821=>66
2019-06-13 16:20:50.685826=>66
2019-06-13 16:20:50.691834=>69
2019-06-13 16:20:50.697841=>6a
2019-06-13 16:20:50.701847=>6b
2019-06-13 16:20:50.704851=>6b
2019-06-13 16:20:50.709857=>71
2019-06-13 16:20:50.714864=>73
2019-06-13 16:20:50.718869=>75
2019-06-13 16:20:50.724877=>79
2019-06-13 16:20:50.729883=>7d
2019-06-13 16:20:50.733888=>83
2019-06-13 16:20:50.737893=>83
2019-06-13 16:20:50.740897=>83
2019-06-13 16:20:50.745904=>84
2019-06-13 16:20:50.749909=>88
2019-06-13 16:20:50.753914=>8a
2019-06-13 16:20:50.758921=>8e
2019-06-13 16:20:50.761925=>8e
2019-06-13 16:20:50.763927=>8e
2019-06-13 16:20:50.767932=>90
2019-06-13 16:20:50.770936=>91
2019-06-13 16:20:50.773940=>93
2019-06-13 16:20:50.776944=>93
2019-06-13 16:20:50.779948=>94
2019-06-13 16:20:50.783953=>97
2019-06-13 16:20:50.787958=>98
2019-06-13 16:20:50.791964=>99
2019-06-13 16:20:50.794968=>9a
2019-06-13 16:20:50.797971=>9a
2019-06-13 16:20:50.801977=>9c
2019-06-13 16:20:50.804981=>9d
2019-06-13 16:20:50.808986=>a5
2019-06-13 16:20:50.811990=>a6
2019-06-13 16:20:50.814994=>a6
2019-06-13 16:20:50.817997=>a7
2019-06-13 16:20:50.821001=>a7
2019-06-13 16:20:50.825007=>ae
2019-06-13 16:20:50.829012=>af
2019-06-13 16:20:50.832016=>b0
2019-06-13 16:20:50.836021=>b2
2019-06-13 16:20:50.839025=>b4
2019-06-13 16:20:50.843030=>b5
2019-06-13 16:20:50.847035=>b9
2019-06-13 16:20:50.850039=>bb
2019-06-13 16:20:50.853043=>bb
2019-06-13 16:20:50.857048=>bc
2019-06-13 16:20:50.860052=>bc
2019-06-13 16:20:50.863056=>c1
2019-06-13 16:20:50.867061=>c2
2019-06-13 16:20:50.870065=>c3
2019-06-13 16:20:50.874070=>c6
2019-06-13 16:20:50.878075=>cf
2019-06-13 16:20:50.881079=>cf
2019-06-13 16:20:50.883082=>cf
2019-06-13 16:20:50.887087=>d3
2019-06-13 16:20:50.891092=>d6
2019-06-13 16:20:50.894096=>d8
2019-06-13 16:20:50.896099=>d8
2019-06-13 16:20:50.900104=>d9
2019-06-13 16:20:50.904109=>da
2019-06-13 16:20:50.907113=>da
2019-06-13 16:20:50.911118=>de
2019-06-13 16:20:50.914122=>e2
2019-06-13 16:20:50.918127=>e4
2019-06-13 16:20:50.921131=>e5
2019-06-13 16:20:50.926138=>e6
2019-06-13 16:20:50.929142=>e6
2019-06-13 16:20:50.932146=>e7
2019-06-13 16:20:50.936151=>e8
2019-06-13 16:20:50.939155=>ea
2019-06-13 16:20:50.944161=>ed
2019-06-13 16:20:50.946164=>ed
2019-06-13 16:20:50.950169=>ee
2019-06-13 16:20:50.954174=>ef
2019-06-13 16:20:50.956177=>ef
2019-06-13 16:20:50.960182=>f0
2019-06-13 16:20:50.962185=>f0
2019-06-13 16:20:50.965189=>f0
2019-06-13 16:20:50.968192=>f3
2019-06-13 16:20:50.970195=>f3
2019-06-13 16:20:50.974200=>f5
2019-06-13 16:20:50.978205=>f7
2019-06-13 16:20:50.981209=>f9
2019-06-13 16:20:50.985215=>fa
2019-06-13 16:20:50.990221=>pack
2019-06-13 16:20:50.992224=>pack
2019-06-13 16:20:50.997230=>heads
2019-06-13 16:20:51.001235=>Connections
2019-06-13 16:20:51.006242=>__pycache__
2019-06-13 16:20:51.008244=>__pycache__
2019-06-13 16:20:51.012250=>FileStorage
2019-06-13 16:20:51.014252=>FileStorage
2019-06-13 16:20:51.017256=>FileStorage
2019-06-13 16:20:51.020260=>FileStorage
2019-06-13 16:20:51.022263=>FileStorage
2019-06-13 16:20:51.025267=>FileStorage
2019-06-13 16:20:51.027269=>FileStorage
2019-06-13 16:20:51.030273=>FileStorage
2019-06-13 16:20:51.034278=>FileStorage
2019-06-13 16:20:51.036281=>FileStorage
2019-06-13 16:20:51.039285=>FileStorage
2019-06-13 16:20:51.041287=>FileStorage
2019-06-13 16:20:51.044291=>FileStorage
2019-06-13 16:20:51.047295=>History
2019-06-13 16:20:51.050299=>History
2019-06-13 16:20:51.052302=>History
2019-06-13 16:20:51.055306=>History
2019-06-13 16:20:51.057308=>History
2019-06-13 16:20:51.059311=>History
2019-06-13 16:20:51.061313=>History
2019-06-13 16:20:51.064317=>History
2019-06-13 16:20:51.066320=>History
2019-06-13 16:20:51.069324=>History
2019-06-13 16:20:51.071326=>History
2019-06-13 16:20:51.074330=>History
2019-06-13 16:20:51.077334=>History
2019-06-13 16:20:51.079337=>History
2019-06-13 16:20:51.082341=>History
2019-06-13 16:20:51.084343=>History
2019-06-13 16:20:51.087347=>History
2019-06-13 16:20:51.090351=>History
2019-06-13 16:20:51.095358=>History
2019-06-13 16:20:51.098361=>History
2019-06-13 16:20:51.102367=>History
2019-06-13 16:20:51.105371=>History
2019-06-13 16:20:51.107373=>History
2019-06-13 16:20:51.109376=>History
2019-06-13 16:20:51.112380=>History
2019-06-13 16:20:51.114382=>History
2019-06-13 16:20:51.117386=>History
2019-06-13 16:20:51.119389=>History
2019-06-13 16:20:51.121391=>History
2019-06-13 16:20:51.124395=>History
2019-06-13 16:20:51.126398=>History
2019-06-13 16:20:51.129402=>History
2019-06-13 16:20:51.131404=>History
2019-06-13 16:20:51.133407=>History
2019-06-13 16:20:51.136411=>History
2019-06-13 16:20:51.140416=>include
2019-06-13 16:20:51.144421=>__pycache__
2019-06-13 16:20:51.147425=>__pycache__
2019-06-13 16:20:51.150429=>Log
2019-06-13 16:20:51.154434=>scheduler_guide
2019-06-13 16:20:53.110974=>willdo/scheduler_guide/1.json is created
2019-06-13 16:20:53.114980=>scheduler_guide
2019-06-13 16:20:55.120584=>willdo/scheduler_guide/Connections.json is created
2019-06-13 16:20:55.124589=>scheduler_guide
2019-06-13 16:20:57.092143=>willdo/scheduler_guide/Email.json is created
2019-06-13 16:20:57.095147=>scheduler_guide
2019-06-13 16:20:58.606109=>willdo/scheduler_guide/guide.txt is created
2019-06-13 16:20:58.610114=>scheduler_guide
2019-06-13 16:21:00.609710=>willdo/scheduler_guide/Jobs.json is created
2019-06-13 16:21:00.612714=>scheduler_guide
2019-06-13 16:21:02.565249=>willdo/scheduler_guide/Job_LastRun.json is created
2019-06-13 16:21:02.570256=>scheduler_guide
2019-06-13 16:21:04.039163=>willdo/scheduler_guide/Job_Queue.json is created
2019-06-13 16:21:04.043168=>scheduler_guide
2019-06-13 16:21:06.038759=>willdo/scheduler_guide/L_Driver.json is created
2019-06-13 16:21:06.042764=>scheduler_guide
2019-06-13 16:21:08.008316=>willdo/scheduler_guide/L_Interval.json is created
2019-06-13 16:21:08.012321=>scheduler_guide
2019-06-13 16:21:09.976872=>willdo/scheduler_guide/L_ParamOptions.json is created
2019-06-13 16:21:09.981878=>scheduler_guide
2019-06-13 16:21:11.936416=>willdo/scheduler_guide/no.json is created
2019-06-13 16:21:11.940421=>scheduler_guide
2019-06-13 16:21:13.927000=>willdo/scheduler_guide/no.txt is created
2019-06-13 16:21:13.931005=>scheduler_guide
2019-06-13 16:21:15.886544=>willdo/scheduler_guide/on.txt is created
2019-06-13 16:21:15.888547=>scheduler_guide
2019-06-13 16:21:17.846088=>willdo/scheduler_guide/Parameters.json is created
2019-06-13 16:21:17.850094=>scheduler_guide
2019-06-13 16:21:19.941809=>willdo/scheduler_guide/Steps.json is created
2019-06-13 16:21:19.945814=>scheduler_guide
2019-06-13 16:21:21.950417=>willdo/scheduler_guide/Sync.json is created
2019-06-13 16:21:21.956425=>App
2019-06-13 16:21:21.963434=>css
2019-06-13 16:21:21.966438=>css
2019-06-13 16:21:21.969442=>css
2019-06-13 16:21:21.973447=>js
2019-06-13 16:21:21.976451=>js
2019-06-13 16:21:21.979455=>js
2019-06-13 16:21:21.988466=>js
2019-06-13 16:21:21.995476=>templates
2019-06-13 16:21:22.000482=>__pycache__
2019-06-13 16:21:22.005489=>__pycache__
2019-06-13 16:21:22.010495=>__pycache__
2019-06-13 16:21:22.015502=>__pycache__
2019-06-13 16:21:22.022511=>__pycache__
2019-06-13 16:21:22.026516=>__pycache__
2019-06-13 16:21:22.030521=>__pycache__
2019-06-13 16:21:22.035528=>__pycache__
2019-06-13 16:21:22.040534=>__pycache__
2019-06-13 16:21:22.045541=>__pycache__
2019-06-13 16:21:22.049546=>__pycache__
2019-06-13 16:21:22.053551=>__pycache__
2019-06-13 16:21:22.057556=>__pycache__
2019-06-13 16:21:22.062563=>__pycache__
2019-06-13 16:21:22.066568=>__pycache__
2019-06-13 16:21:22.070573=>__pycache__
2019-06-13 16:21:22.080586=>__pycache__
2019-06-13 16:21:22.085593=>__pycache__
2019-06-13 16:21:22.095606=>__pycache__
2019-06-13 16:21:22.099611=>__pycache__
2019-06-13 16:21:22.104617=>__pycache__
2019-06-13 16:21:22.109624=>__pycache__
2019-06-13 16:21:22.113629=>__pycache__
2019-06-13 16:22:29.567981=>SSH Connecting.....
2019-06-13 16:22:33.498946=>SSH Connecting.....
2019-06-13 16:22:42.180284=>SSH Connecting.....
2019-06-13 16:44:24.949073=>Looping in another cycle....
2019-06-13 16:44:24.994073=>Job Queue Prepared....
2019-06-13 16:45:25.125073=>Looping in another cycle....
2019-06-13 16:45:25.151073=>Job Queue Prepared....
2019-06-13 16:46:25.161073=>Looping in another cycle....
2019-06-13 16:46:25.173073=>Job Queue Prepared....
2019-06-13 16:46:45.031073=>Scheduler Restarted at 13/06/2019 16:46
2019-06-13 16:46:46.039073=>Looping in another cycle....
2019-06-13 16:46:46.125073=>Job Queue Prepared....
2019-06-13 16:47:40.369073=>Scheduler Restarted at 13/06/2019 16:47
2019-06-13 16:47:41.371073=>Looping in another cycle....
2019-06-13 16:47:41.406073=>Job Queue Prepared....
2019-06-13 16:48:41.411073=>Looping in another cycle....
2019-06-13 16:48:41.434073=>Job Queue Prepared....
2019-06-13 16:49:41.441073=>Looping in another cycle....
2019-06-13 16:49:41.465073=>Job Queue Prepared....
2019-06-13 16:50:41.477073=>Looping in another cycle....
2019-06-13 16:50:41.500073=>Job Queue Prepared....
2019-06-13 16:51:41.518073=>Looping in another cycle....
2019-06-13 16:51:41.540073=>Job Queue Prepared....
2019-06-13 16:52:41.549073=>Looping in another cycle....
2019-06-13 16:52:41.573073=>Job Queue Prepared....
